<!DOCTYPE html>
<!-- Generated by pkgdown: do not edit by hand --><html lang="en"><head><meta http-equiv="Content-Type" content="text/html; charset=UTF-8"><meta charset="utf-8"><meta http-equiv="X-UA-Compatible" content="IE=edge"><meta name="viewport" content="width=device-width, initial-scale=1, shrink-to-fit=no"><meta name="description" content="Padd vector by index
Pad vector front
Pad vector rear
Pad vector front + rear"><title>Padd vector by index — padders • invctr</title><!-- favicons --><link rel="icon" type="image/png" sizes="16x16" href="../favicon-16x16.png"><link rel="icon" type="image/png" sizes="32x32" href="../favicon-32x32.png"><link rel="apple-touch-icon" type="image/png" sizes="180x180" href="../apple-touch-icon.png"><link rel="apple-touch-icon" type="image/png" sizes="120x120" href="../apple-touch-icon-120x120.png"><link rel="apple-touch-icon" type="image/png" sizes="76x76" href="../apple-touch-icon-76x76.png"><link rel="apple-touch-icon" type="image/png" sizes="60x60" href="../apple-touch-icon-60x60.png"><script src="../deps/jquery-3.6.0/jquery-3.6.0.min.js"></script><meta name="viewport" content="width=device-width, initial-scale=1, shrink-to-fit=no"><link href="../deps/bootstrap-5.1.3/bootstrap.min.css" rel="stylesheet"><script src="../deps/bootstrap-5.1.3/bootstrap.bundle.min.js"></script><!-- Font Awesome icons --><link rel="stylesheet" href="https://cdnjs.cloudflare.com/ajax/libs/font-awesome/5.12.1/css/all.min.css" integrity="sha256-mmgLkCYLUQbXn0B1SRqzHar6dCnv9oZFPEC1g1cwlkk=" crossorigin="anonymous"><link rel="stylesheet" href="https://cdnjs.cloudflare.com/ajax/libs/font-awesome/5.12.1/css/v4-shims.min.css" integrity="sha256-wZjR52fzng1pJHwx4aV2AO3yyTOXrcDW7jBpJtTwVxw=" crossorigin="anonymous"><!-- bootstrap-toc --><script src="https://cdn.rawgit.com/afeld/bootstrap-toc/v1.0.1/dist/bootstrap-toc.min.js"></script><!-- headroom.js --><script src="https://cdnjs.cloudflare.com/ajax/libs/headroom/0.11.0/headroom.min.js" integrity="sha256-AsUX4SJE1+yuDu5+mAVzJbuYNPHj/WroHuZ8Ir/CkE0=" crossorigin="anonymous"></script><script src="https://cdnjs.cloudflare.com/ajax/libs/headroom/0.11.0/jQuery.headroom.min.js" integrity="sha256-ZX/yNShbjqsohH1k95liqY9Gd8uOiE1S4vZc+9KQ1K4=" crossorigin="anonymous"></script><!-- clipboard.js --><script src="https://cdnjs.cloudflare.com/ajax/libs/clipboard.js/2.0.6/clipboard.min.js" integrity="sha256-inc5kl9MA1hkeYUt+EC3BhlIgyp/2jDIyBLS6k3UxPI=" crossorigin="anonymous"></script><!-- search --><script src="https://cdnjs.cloudflare.com/ajax/libs/fuse.js/6.4.6/fuse.js" integrity="sha512-zv6Ywkjyktsohkbp9bb45V6tEMoWhzFzXis+LrMehmJZZSys19Yxf1dopHx7WzIKxr5tK2dVcYmaCk2uqdjF4A==" crossorigin="anonymous"></script><script src="https://cdnjs.cloudflare.com/ajax/libs/autocomplete.js/0.38.0/autocomplete.jquery.min.js" integrity="sha512-GU9ayf+66Xx2TmpxqJpliWbT5PiGYxpaG8rfnBEk1LL8l1KGkRShhngwdXK1UgqhAzWpZHSiYPc09/NwDQIGyg==" crossorigin="anonymous"></script><script src="https://cdnjs.cloudflare.com/ajax/libs/mark.js/8.11.1/mark.min.js" integrity="sha512-5CYOlHXGh6QpOFA/TeTylKLWfB3ftPsde7AnmhuitiTX4K5SqCLBeKro6sPS8ilsz1Q4NRx3v8Ko2IBiszzdww==" crossorigin="anonymous"></script><!-- pkgdown --><script src="../pkgdown.js"></script><meta property="og:title" content="Padd vector by index — padders"><meta property="og:description" content="Padd vector by index
Pad vector front
Pad vector rear
Pad vector front + rear"><meta property="og:image" content="/logo.png"><!-- mathjax --><script src="https://cdnjs.cloudflare.com/ajax/libs/mathjax/2.7.5/MathJax.js" integrity="sha256-nvJJv9wWKEm88qvoQl9ekL2J+k/RWIsaSScxxlsrv8k=" crossorigin="anonymous"></script><script src="https://cdnjs.cloudflare.com/ajax/libs/mathjax/2.7.5/config/TeX-AMS-MML_HTMLorMML.js" integrity="sha256-84DKXVJXs0/F8OTMzX4UR909+jtl4G7SPypPavF+GfA=" crossorigin="anonymous"></script><!--[if lt IE 9]>
<script src="https://oss.maxcdn.com/html5shiv/3.7.3/html5shiv.min.js"></script>
<script src="https://oss.maxcdn.com/respond/1.4.2/respond.min.js"></script>
<![endif]--></head><body>
    <a href="#main" class="visually-hidden-focusable">Skip to contents</a>
    

    <nav class="navbar fixed-top navbar-light navbar-expand-lg bg-light"><div class="container">
    
    <a class="navbar-brand me-2" href="../index.html">invctr</a>

    <small class="nav-text text-muted me-auto" data-bs-toggle="tooltip" data-bs-placement="bottom" title="">0.2.0</small>

    
    <button class="navbar-toggler" type="button" data-bs-toggle="collapse" data-bs-target="#navbar" aria-controls="navbar" aria-expanded="false" aria-label="Toggle navigation">
      <span class="navbar-toggler-icon"></span>
    </button>

    <div id="navbar" class="collapse navbar-collapse ms-3">
      <ul class="navbar-nav me-auto"><li class="active nav-item">
  <a class="nav-link" href="../reference/index.html">Reference</a>
</li>
<li class="nav-item dropdown">
  <a href="#" class="nav-link dropdown-toggle" data-bs-toggle="dropdown" role="button" aria-expanded="false" aria-haspopup="true" id="dropdown-articles">Articles</a>
  <div class="dropdown-menu" aria-labelledby="dropdown-articles">
    <a class="dropdown-item" href="../articles/insiders.html">Finding and extracting values and indices</a>
    <a class="dropdown-item" href="../articles/padders.html">Changing vectors and values: Replace, Add/Subtract, Trim, Pad</a>
  </div>
</li>
      </ul><form class="form-inline my-2 my-lg-0" role="search">
        <input type="search" class="form-control me-sm-2" aria-label="Toggle navigation" name="search-input" data-search-index="../search.json" id="search-input" placeholder="Search for" autocomplete="off"></form>

      <ul class="navbar-nav"><li class="nav-item">
  <a class="external-link nav-link" href="https://github.com/FredHasselman/invctr/" aria-label="github">
    <span class="fab fa fab fa-github fa-lg"></span>
     
  </a>
</li>
      </ul></div>

    
  </div>
</nav><div class="container template-reference-topic">
<div class="row">
  <main id="main" class="col-md-9"><div class="page-header">
      <img src="../logo.png" class="logo" alt=""><h1>Padd vector by index</h1>
      <small class="dont-index">Source: <a href="https://github.com/FredHasselman/invctr/blob/HEAD/R/invictor.R" class="external-link"><code>R/invictor.R</code></a></small>
      <div class="d-none name"><code>padders.Rd</code></div>
    </div>

    <div class="ref-description section level2">
    <p>Padd vector by index</p>
<p>Pad vector front</p>
<p>Pad vector rear</p>
<p>Pad vector front + rear</p>
    </div>

    <div class="section level2">
    <h2 id="ref-usage">Usage<a class="anchor" aria-label="anchor" href="#ref-usage"></a></h2>
    <div class="sourceCode"><pre class="sourceCode r"><code><span><span class="va">x</span> <span class="op">%[+%</span> <span class="va">j</span></span>
<span></span>
<span><span class="va">x</span> <span class="op">%+]%</span> <span class="va">j</span></span>
<span></span>
<span><span class="va">x</span> <span class="op">%[+]%</span> <span class="va">j</span></span></code></pre></div>
    </div>

    <div class="section level2">
    <h2 id="arguments">Arguments<a class="anchor" aria-label="anchor" href="#arguments"></a></h2>
    <dl><dt>x</dt>
<dd><p>A vector</p></dd>


<dt>j</dt>
<dd><p>A one, or two element vector. One element: Pad <code>front</code> or <code>rear</code> by <code>j</code> <code>0</code>s, or, <code>front</code> by <code>floor(j/2)</code> and rear by <code>ceiling(j/2)</code>. Two elements: Pad <code>j[1]</code> times the value passed in <code>j[2]</code>.</p></dd>

</dl></div>
    <div class="section level2">
    <h2 id="value">Value<a class="anchor" aria-label="anchor" href="#value"></a></h2>
    

<p>A padded version of <code>x</code></p>


    </div>

    <div class="section level2">
    <h2 id="ref-examples">Examples<a class="anchor" aria-label="anchor" href="#ref-examples"></a></h2>
    <div class="sourceCode"><pre class="sourceCode r"><code><span class="r-in"><span></span></span>
<span class="r-in"><span><span class="va">x</span> <span class="op">&lt;-</span> <span class="fu"><a href="https://rdrr.io/r/stats/Normal.html" class="external-link">rnorm</a></span><span class="op">(</span><span class="fl">100</span><span class="op">)</span></span></span>
<span class="r-in"><span></span></span>
<span class="r-in"><span><span class="co"># Pad front with 10 zeros</span></span></span>
<span class="r-in"><span><span class="va">x</span><span class="op">%[+%</span><span class="fl">10</span></span></span>
<span class="r-out co"><span class="r-pr">#&gt;</span>   [1]  0.000000000  0.000000000  0.000000000  0.000000000  0.000000000</span>
<span class="r-out co"><span class="r-pr">#&gt;</span>   [6]  0.000000000  0.000000000  0.000000000  0.000000000  0.000000000</span>
<span class="r-out co"><span class="r-pr">#&gt;</span>  [11]  2.090164973 -3.043267688 -0.624681567 -0.326746419  1.988568689</span>
<span class="r-out co"><span class="r-pr">#&gt;</span>  [16] -0.813090252  2.031298558 -0.438053842  1.669576943 -0.975502787</span>
<span class="r-out co"><span class="r-pr">#&gt;</span>  [21]  0.475194756 -0.946671477  1.296479305 -1.235376938  0.196753993</span>
<span class="r-out co"><span class="r-pr">#&gt;</span>  [26]  1.130339480 -0.745586442  0.231520798 -0.605020874  0.375325396</span>
<span class="r-out co"><span class="r-pr">#&gt;</span>  [31] -1.119383296  0.153883010 -1.309874593 -0.647150434 -1.139389641</span>
<span class="r-out co"><span class="r-pr">#&gt;</span>  [36]  0.190623536 -0.390847401 -0.327723760  0.662876673  1.873539642</span>
<span class="r-out co"><span class="r-pr">#&gt;</span>  [41]  1.446708934  0.169344392 -0.976197560  2.026455661  0.537068148</span>
<span class="r-out co"><span class="r-pr">#&gt;</span>  [46]  2.548747847 -0.326080158  0.770541987  0.896642391  0.186413506</span>
<span class="r-out co"><span class="r-pr">#&gt;</span>  [51]  0.710041982  1.923028332  1.650889724  0.537928235  0.777501099</span>
<span class="r-out co"><span class="r-pr">#&gt;</span>  [56]  0.097551104  1.072314638  1.218010385  0.278781827 -0.447326097</span>
<span class="r-out co"><span class="r-pr">#&gt;</span>  [61]  0.615692286 -1.515889804 -0.318874461  0.541641214 -1.282928210</span>
<span class="r-out co"><span class="r-pr">#&gt;</span>  [66] -0.733550353 -0.599135294  0.551744803 -0.479869812  1.304726256</span>
<span class="r-out co"><span class="r-pr">#&gt;</span>  [71] -1.334778476  0.292124562  0.373697658  0.560077922 -1.423867027</span>
<span class="r-out co"><span class="r-pr">#&gt;</span>  [76]  0.309376545  0.575395020 -0.362054079 -0.775016096 -0.006641374</span>
<span class="r-out co"><span class="r-pr">#&gt;</span>  [81] -0.578785067  0.630534688 -0.088137981  1.158857031 -1.053115757</span>
<span class="r-out co"><span class="r-pr">#&gt;</span>  [86]  0.178612532 -2.077965451  0.107463302 -1.197812904 -0.930708540</span>
<span class="r-out co"><span class="r-pr">#&gt;</span>  [91] -1.879310649  0.255025646 -0.890559114 -0.927599749  0.687910357</span>
<span class="r-out co"><span class="r-pr">#&gt;</span>  [96] -0.316580980 -1.386451768 -0.722829544  0.907886112 -1.055981815</span>
<span class="r-out co"><span class="r-pr">#&gt;</span> [101]  0.502784322  1.087741912  0.431140667  0.742453762 -2.070115397</span>
<span class="r-out co"><span class="r-pr">#&gt;</span> [106] -0.717500696  0.211342020  1.000853180  0.232379800 -0.779530240</span>
<span class="r-in"><span><span class="co"># Same as</span></span></span>
<span class="r-in"><span><span class="va">x</span><span class="op">%[+%</span><span class="fu"><a href="https://rdrr.io/r/base/c.html" class="external-link">c</a></span><span class="op">(</span><span class="fl">10</span>,<span class="fl">0</span><span class="op">)</span></span></span>
<span class="r-out co"><span class="r-pr">#&gt;</span>   [1]  0.000000000  0.000000000  0.000000000  0.000000000  0.000000000</span>
<span class="r-out co"><span class="r-pr">#&gt;</span>   [6]  0.000000000  0.000000000  0.000000000  0.000000000  0.000000000</span>
<span class="r-out co"><span class="r-pr">#&gt;</span>  [11]  2.090164973 -3.043267688 -0.624681567 -0.326746419  1.988568689</span>
<span class="r-out co"><span class="r-pr">#&gt;</span>  [16] -0.813090252  2.031298558 -0.438053842  1.669576943 -0.975502787</span>
<span class="r-out co"><span class="r-pr">#&gt;</span>  [21]  0.475194756 -0.946671477  1.296479305 -1.235376938  0.196753993</span>
<span class="r-out co"><span class="r-pr">#&gt;</span>  [26]  1.130339480 -0.745586442  0.231520798 -0.605020874  0.375325396</span>
<span class="r-out co"><span class="r-pr">#&gt;</span>  [31] -1.119383296  0.153883010 -1.309874593 -0.647150434 -1.139389641</span>
<span class="r-out co"><span class="r-pr">#&gt;</span>  [36]  0.190623536 -0.390847401 -0.327723760  0.662876673  1.873539642</span>
<span class="r-out co"><span class="r-pr">#&gt;</span>  [41]  1.446708934  0.169344392 -0.976197560  2.026455661  0.537068148</span>
<span class="r-out co"><span class="r-pr">#&gt;</span>  [46]  2.548747847 -0.326080158  0.770541987  0.896642391  0.186413506</span>
<span class="r-out co"><span class="r-pr">#&gt;</span>  [51]  0.710041982  1.923028332  1.650889724  0.537928235  0.777501099</span>
<span class="r-out co"><span class="r-pr">#&gt;</span>  [56]  0.097551104  1.072314638  1.218010385  0.278781827 -0.447326097</span>
<span class="r-out co"><span class="r-pr">#&gt;</span>  [61]  0.615692286 -1.515889804 -0.318874461  0.541641214 -1.282928210</span>
<span class="r-out co"><span class="r-pr">#&gt;</span>  [66] -0.733550353 -0.599135294  0.551744803 -0.479869812  1.304726256</span>
<span class="r-out co"><span class="r-pr">#&gt;</span>  [71] -1.334778476  0.292124562  0.373697658  0.560077922 -1.423867027</span>
<span class="r-out co"><span class="r-pr">#&gt;</span>  [76]  0.309376545  0.575395020 -0.362054079 -0.775016096 -0.006641374</span>
<span class="r-out co"><span class="r-pr">#&gt;</span>  [81] -0.578785067  0.630534688 -0.088137981  1.158857031 -1.053115757</span>
<span class="r-out co"><span class="r-pr">#&gt;</span>  [86]  0.178612532 -2.077965451  0.107463302 -1.197812904 -0.930708540</span>
<span class="r-out co"><span class="r-pr">#&gt;</span>  [91] -1.879310649  0.255025646 -0.890559114 -0.927599749  0.687910357</span>
<span class="r-out co"><span class="r-pr">#&gt;</span>  [96] -0.316580980 -1.386451768 -0.722829544  0.907886112 -1.055981815</span>
<span class="r-out co"><span class="r-pr">#&gt;</span> [101]  0.502784322  1.087741912  0.431140667  0.742453762 -2.070115397</span>
<span class="r-out co"><span class="r-pr">#&gt;</span> [106] -0.717500696  0.211342020  1.000853180  0.232379800 -0.779530240</span>
<span class="r-in"><span></span></span>
<span class="r-in"><span><span class="co"># Pad rear with zeros</span></span></span>
<span class="r-in"><span><span class="va">x</span><span class="op">%+]%</span><span class="fl">10</span></span></span>
<span class="r-out co"><span class="r-pr">#&gt;</span>   [1]  2.090164973 -3.043267688 -0.624681567 -0.326746419  1.988568689</span>
<span class="r-out co"><span class="r-pr">#&gt;</span>   [6] -0.813090252  2.031298558 -0.438053842  1.669576943 -0.975502787</span>
<span class="r-out co"><span class="r-pr">#&gt;</span>  [11]  0.475194756 -0.946671477  1.296479305 -1.235376938  0.196753993</span>
<span class="r-out co"><span class="r-pr">#&gt;</span>  [16]  1.130339480 -0.745586442  0.231520798 -0.605020874  0.375325396</span>
<span class="r-out co"><span class="r-pr">#&gt;</span>  [21] -1.119383296  0.153883010 -1.309874593 -0.647150434 -1.139389641</span>
<span class="r-out co"><span class="r-pr">#&gt;</span>  [26]  0.190623536 -0.390847401 -0.327723760  0.662876673  1.873539642</span>
<span class="r-out co"><span class="r-pr">#&gt;</span>  [31]  1.446708934  0.169344392 -0.976197560  2.026455661  0.537068148</span>
<span class="r-out co"><span class="r-pr">#&gt;</span>  [36]  2.548747847 -0.326080158  0.770541987  0.896642391  0.186413506</span>
<span class="r-out co"><span class="r-pr">#&gt;</span>  [41]  0.710041982  1.923028332  1.650889724  0.537928235  0.777501099</span>
<span class="r-out co"><span class="r-pr">#&gt;</span>  [46]  0.097551104  1.072314638  1.218010385  0.278781827 -0.447326097</span>
<span class="r-out co"><span class="r-pr">#&gt;</span>  [51]  0.615692286 -1.515889804 -0.318874461  0.541641214 -1.282928210</span>
<span class="r-out co"><span class="r-pr">#&gt;</span>  [56] -0.733550353 -0.599135294  0.551744803 -0.479869812  1.304726256</span>
<span class="r-out co"><span class="r-pr">#&gt;</span>  [61] -1.334778476  0.292124562  0.373697658  0.560077922 -1.423867027</span>
<span class="r-out co"><span class="r-pr">#&gt;</span>  [66]  0.309376545  0.575395020 -0.362054079 -0.775016096 -0.006641374</span>
<span class="r-out co"><span class="r-pr">#&gt;</span>  [71] -0.578785067  0.630534688 -0.088137981  1.158857031 -1.053115757</span>
<span class="r-out co"><span class="r-pr">#&gt;</span>  [76]  0.178612532 -2.077965451  0.107463302 -1.197812904 -0.930708540</span>
<span class="r-out co"><span class="r-pr">#&gt;</span>  [81] -1.879310649  0.255025646 -0.890559114 -0.927599749  0.687910357</span>
<span class="r-out co"><span class="r-pr">#&gt;</span>  [86] -0.316580980 -1.386451768 -0.722829544  0.907886112 -1.055981815</span>
<span class="r-out co"><span class="r-pr">#&gt;</span>  [91]  0.502784322  1.087741912  0.431140667  0.742453762 -2.070115397</span>
<span class="r-out co"><span class="r-pr">#&gt;</span>  [96] -0.717500696  0.211342020  1.000853180  0.232379800 -0.779530240</span>
<span class="r-out co"><span class="r-pr">#&gt;</span> [101]  0.000000000  0.000000000  0.000000000  0.000000000  0.000000000</span>
<span class="r-out co"><span class="r-pr">#&gt;</span> [106]  0.000000000  0.000000000  0.000000000  0.000000000  0.000000000</span>
<span class="r-in"><span><span class="co"># Same as</span></span></span>
<span class="r-in"><span><span class="va">x</span><span class="op">%+]%</span><span class="fu"><a href="https://rdrr.io/r/base/c.html" class="external-link">c</a></span><span class="op">(</span><span class="fl">10</span>,<span class="fl">0</span><span class="op">)</span></span></span>
<span class="r-out co"><span class="r-pr">#&gt;</span>   [1]  2.090164973 -3.043267688 -0.624681567 -0.326746419  1.988568689</span>
<span class="r-out co"><span class="r-pr">#&gt;</span>   [6] -0.813090252  2.031298558 -0.438053842  1.669576943 -0.975502787</span>
<span class="r-out co"><span class="r-pr">#&gt;</span>  [11]  0.475194756 -0.946671477  1.296479305 -1.235376938  0.196753993</span>
<span class="r-out co"><span class="r-pr">#&gt;</span>  [16]  1.130339480 -0.745586442  0.231520798 -0.605020874  0.375325396</span>
<span class="r-out co"><span class="r-pr">#&gt;</span>  [21] -1.119383296  0.153883010 -1.309874593 -0.647150434 -1.139389641</span>
<span class="r-out co"><span class="r-pr">#&gt;</span>  [26]  0.190623536 -0.390847401 -0.327723760  0.662876673  1.873539642</span>
<span class="r-out co"><span class="r-pr">#&gt;</span>  [31]  1.446708934  0.169344392 -0.976197560  2.026455661  0.537068148</span>
<span class="r-out co"><span class="r-pr">#&gt;</span>  [36]  2.548747847 -0.326080158  0.770541987  0.896642391  0.186413506</span>
<span class="r-out co"><span class="r-pr">#&gt;</span>  [41]  0.710041982  1.923028332  1.650889724  0.537928235  0.777501099</span>
<span class="r-out co"><span class="r-pr">#&gt;</span>  [46]  0.097551104  1.072314638  1.218010385  0.278781827 -0.447326097</span>
<span class="r-out co"><span class="r-pr">#&gt;</span>  [51]  0.615692286 -1.515889804 -0.318874461  0.541641214 -1.282928210</span>
<span class="r-out co"><span class="r-pr">#&gt;</span>  [56] -0.733550353 -0.599135294  0.551744803 -0.479869812  1.304726256</span>
<span class="r-out co"><span class="r-pr">#&gt;</span>  [61] -1.334778476  0.292124562  0.373697658  0.560077922 -1.423867027</span>
<span class="r-out co"><span class="r-pr">#&gt;</span>  [66]  0.309376545  0.575395020 -0.362054079 -0.775016096 -0.006641374</span>
<span class="r-out co"><span class="r-pr">#&gt;</span>  [71] -0.578785067  0.630534688 -0.088137981  1.158857031 -1.053115757</span>
<span class="r-out co"><span class="r-pr">#&gt;</span>  [76]  0.178612532 -2.077965451  0.107463302 -1.197812904 -0.930708540</span>
<span class="r-out co"><span class="r-pr">#&gt;</span>  [81] -1.879310649  0.255025646 -0.890559114 -0.927599749  0.687910357</span>
<span class="r-out co"><span class="r-pr">#&gt;</span>  [86] -0.316580980 -1.386451768 -0.722829544  0.907886112 -1.055981815</span>
<span class="r-out co"><span class="r-pr">#&gt;</span>  [91]  0.502784322  1.087741912  0.431140667  0.742453762 -2.070115397</span>
<span class="r-out co"><span class="r-pr">#&gt;</span>  [96] -0.717500696  0.211342020  1.000853180  0.232379800 -0.779530240</span>
<span class="r-out co"><span class="r-pr">#&gt;</span> [101]  0.000000000  0.000000000  0.000000000  0.000000000  0.000000000</span>
<span class="r-out co"><span class="r-pr">#&gt;</span> [106]  0.000000000  0.000000000  0.000000000  0.000000000  0.000000000</span>
<span class="r-in"><span></span></span>
<span class="r-in"><span><span class="co"># Pad front + rear with NA</span></span></span>
<span class="r-in"><span><span class="va">x</span><span class="op">%[+]%</span><span class="fu"><a href="https://rdrr.io/r/base/c.html" class="external-link">c</a></span><span class="op">(</span><span class="cn">NA</span>,<span class="fl">10</span><span class="op">)</span></span></span>
<span class="r-in"><span></span></span>
<span class="r-in"><span><span class="co"># Pad front + rear of a character vector</span></span></span>
<span class="r-in"><span><span class="st">"yes"</span><span class="op">%[+]%</span><span class="fu"><a href="https://rdrr.io/r/base/c.html" class="external-link">c</a></span><span class="op">(</span><span class="fl">2</span>,<span class="st">"no"</span><span class="op">)</span></span></span>
<span class="r-out co"><span class="r-pr">#&gt;</span> [1] "no"  "yes" "no" </span>
<span class="r-in"><span><span class="st">"yes"</span><span class="op">%[+]%</span><span class="fu"><a href="https://rdrr.io/r/base/c.html" class="external-link">c</a></span><span class="op">(</span><span class="fl">1</span>,<span class="st">"no"</span><span class="op">)</span></span></span>
<span class="r-out co"><span class="r-pr">#&gt;</span> [1] "yes" "no" </span>
<span class="r-in"><span><span class="st">"yes"</span><span class="op">%[+]%</span><span class="fu"><a href="https://rdrr.io/r/base/c.html" class="external-link">c</a></span><span class="op">(</span><span class="fl">0</span>,<span class="st">"no"</span><span class="op">)</span></span></span>
<span class="r-out co"><span class="r-pr">#&gt;</span> [1] "yes"</span>
<span class="r-in"><span></span></span>
</code></pre></div>
    </div>
  </main><aside class="col-md-3"><nav id="toc"><h2>On this page</h2>
    </nav></aside></div>


    <footer><div class="pkgdown-footer-left">
  <p></p><p>Developed by Fred Hasselman.</p>
</div>

<div class="pkgdown-footer-right">
  <p></p><p>Site built with <a href="https://pkgdown.r-lib.org/" class="external-link">pkgdown</a> 2.0.6.</p>
</div>

    </footer></div>

  

  

  </body></html>

