<!DOCTYPE html>
<!-- Generated by pkgdown: do not edit by hand --><html lang="en"><head><meta http-equiv="Content-Type" content="text/html; charset=UTF-8"><meta charset="utf-8"><meta http-equiv="X-UA-Compatible" content="IE=edge"><meta name="viewport" content="width=device-width, initial-scale=1, shrink-to-fit=no"><meta name="description" content="Padd vector by index
Pad vector front %[+%
Pad vector rear %+]%
Pad vector front + rear %[+]%"><title>Padd vector by index — padders • invctr</title><!-- favicons --><link rel="icon" type="image/png" sizes="16x16" href="../favicon-16x16.png"><link rel="icon" type="image/png" sizes="32x32" href="../favicon-32x32.png"><link rel="apple-touch-icon" type="image/png" sizes="180x180" href="../apple-touch-icon.png"><link rel="apple-touch-icon" type="image/png" sizes="120x120" href="../apple-touch-icon-120x120.png"><link rel="apple-touch-icon" type="image/png" sizes="76x76" href="../apple-touch-icon-76x76.png"><link rel="apple-touch-icon" type="image/png" sizes="60x60" href="../apple-touch-icon-60x60.png"><script src="../deps/jquery-3.6.0/jquery-3.6.0.min.js"></script><meta name="viewport" content="width=device-width, initial-scale=1, shrink-to-fit=no"><link href="../deps/bootstrap-5.3.1/bootstrap.min.css" rel="stylesheet"><script src="../deps/bootstrap-5.3.1/bootstrap.bundle.min.js"></script><!-- Font Awesome icons --><link rel="stylesheet" href="https://cdnjs.cloudflare.com/ajax/libs/font-awesome/5.12.1/css/all.min.css" integrity="sha256-mmgLkCYLUQbXn0B1SRqzHar6dCnv9oZFPEC1g1cwlkk=" crossorigin="anonymous"><link rel="stylesheet" href="https://cdnjs.cloudflare.com/ajax/libs/font-awesome/5.12.1/css/v4-shims.min.css" integrity="sha256-wZjR52fzng1pJHwx4aV2AO3yyTOXrcDW7jBpJtTwVxw=" crossorigin="anonymous"><!-- bootstrap-toc --><script src="https://cdn.jsdelivr.net/gh/afeld/bootstrap-toc@v1.0.1/dist/bootstrap-toc.min.js" integrity="sha256-4veVQbu7//Lk5TSmc7YV48MxtMy98e26cf5MrgZYnwo=" crossorigin="anonymous"></script><!-- headroom.js --><script src="https://cdnjs.cloudflare.com/ajax/libs/headroom/0.11.0/headroom.min.js" integrity="sha256-AsUX4SJE1+yuDu5+mAVzJbuYNPHj/WroHuZ8Ir/CkE0=" crossorigin="anonymous"></script><script src="https://cdnjs.cloudflare.com/ajax/libs/headroom/0.11.0/jQuery.headroom.min.js" integrity="sha256-ZX/yNShbjqsohH1k95liqY9Gd8uOiE1S4vZc+9KQ1K4=" crossorigin="anonymous"></script><!-- clipboard.js --><script src="https://cdnjs.cloudflare.com/ajax/libs/clipboard.js/2.0.6/clipboard.min.js" integrity="sha256-inc5kl9MA1hkeYUt+EC3BhlIgyp/2jDIyBLS6k3UxPI=" crossorigin="anonymous"></script><!-- search --><script src="https://cdnjs.cloudflare.com/ajax/libs/fuse.js/6.4.6/fuse.js" integrity="sha512-zv6Ywkjyktsohkbp9bb45V6tEMoWhzFzXis+LrMehmJZZSys19Yxf1dopHx7WzIKxr5tK2dVcYmaCk2uqdjF4A==" crossorigin="anonymous"></script><script src="https://cdnjs.cloudflare.com/ajax/libs/autocomplete.js/0.38.0/autocomplete.jquery.min.js" integrity="sha512-GU9ayf+66Xx2TmpxqJpliWbT5PiGYxpaG8rfnBEk1LL8l1KGkRShhngwdXK1UgqhAzWpZHSiYPc09/NwDQIGyg==" crossorigin="anonymous"></script><script src="https://cdnjs.cloudflare.com/ajax/libs/mark.js/8.11.1/mark.min.js" integrity="sha512-5CYOlHXGh6QpOFA/TeTylKLWfB3ftPsde7AnmhuitiTX4K5SqCLBeKro6sPS8ilsz1Q4NRx3v8Ko2IBiszzdww==" crossorigin="anonymous"></script><!-- pkgdown --><script src="../pkgdown.js"></script><meta property="og:title" content="Padd vector by index — padders"><meta property="og:description" content="Padd vector by index
Pad vector front %[+%
Pad vector rear %+]%
Pad vector front + rear %[+]%"><meta property="og:image" content="/logo.png"><!-- mathjax --><script src="https://cdnjs.cloudflare.com/ajax/libs/mathjax/2.7.5/MathJax.js" integrity="sha256-nvJJv9wWKEm88qvoQl9ekL2J+k/RWIsaSScxxlsrv8k=" crossorigin="anonymous"></script><script src="https://cdnjs.cloudflare.com/ajax/libs/mathjax/2.7.5/config/TeX-AMS-MML_HTMLorMML.js" integrity="sha256-84DKXVJXs0/F8OTMzX4UR909+jtl4G7SPypPavF+GfA=" crossorigin="anonymous"></script><!--[if lt IE 9]>
<script src="https://oss.maxcdn.com/html5shiv/3.7.3/html5shiv.min.js"></script>
<script src="https://oss.maxcdn.com/respond/1.4.2/respond.min.js"></script>
<![endif]--></head><body>
    <a href="#main" class="visually-hidden-focusable">Skip to contents</a>
    

    <nav class="navbar fixed-top navbar-light navbar-expand-lg bg-light"><div class="container">
    
    <a class="navbar-brand me-2" href="../index.html">invctr</a>

    <small class="nav-text text-muted me-auto" data-bs-toggle="tooltip" data-bs-placement="bottom" title="">0.2.0</small>

    
    <button class="navbar-toggler" type="button" data-bs-toggle="collapse" data-bs-target="#navbar" aria-controls="navbar" aria-expanded="false" aria-label="Toggle navigation">
      <span class="navbar-toggler-icon"></span>
    </button>

    <div id="navbar" class="collapse navbar-collapse ms-3">
      <ul class="navbar-nav me-auto"><li class="active nav-item">
  <a class="nav-link" href="../reference/index.html">Reference</a>
</li>
<li class="nav-item dropdown">
  <a href="#" class="nav-link dropdown-toggle" data-bs-toggle="dropdown" role="button" aria-expanded="false" aria-haspopup="true" id="dropdown-articles">Articles</a>
  <div class="dropdown-menu" aria-labelledby="dropdown-articles">
    <a class="dropdown-item" href="../articles/insiders.html">Finding and extracting values and indices</a>
    <a class="dropdown-item" href="../articles/padders.html">Changing vectors and values: Replace, Add/Subtract, Trim, Pad</a>
  </div>
</li>
      </ul><form class="form-inline my-2 my-lg-0" role="search">
        <input type="search" class="form-control me-sm-2" aria-label="Toggle navigation" name="search-input" data-search-index="../search.json" id="search-input" placeholder="Search for" autocomplete="off"></form>

      <ul class="navbar-nav"><li class="nav-item">
  <a class="external-link nav-link" href="https://github.com/FredHasselman/invctr/" aria-label="github">
    <span class="fab fa fab fa-github fa-lg"></span>
     
  </a>
</li>
      </ul></div>

    
  </div>
</nav><div class="container template-reference-topic">
<div class="row">
  <main id="main" class="col-md-9"><div class="page-header">
      <img src="../logo.png" class="logo" alt=""><h1>Padd vector by index</h1>
      <small class="dont-index">Source: <a href="https://github.com/FredHasselman/invctr/blob/HEAD/R/invictor.R" class="external-link"><code>R/invictor.R</code></a></small>
      <div class="d-none name"><code>padders.Rd</code></div>
    </div>

    <div class="ref-description section level2">
    <p>Padd vector by index</p>
<p>Pad vector front <code>%[+%</code></p>
<p>Pad vector rear <code>%+]%</code></p>
<p>Pad vector front + rear <code>%[+]%</code></p>
    </div>

    <div class="section level2">
    <h2 id="ref-usage">Usage<a class="anchor" aria-label="anchor" href="#ref-usage"></a></h2>
    <div class="sourceCode"><pre class="sourceCode r"><code><span><span class="va">x</span> <span class="op">%[+%</span> <span class="va">j</span></span>
<span></span>
<span><span class="va">x</span> <span class="op">%+]%</span> <span class="va">j</span></span>
<span></span>
<span><span class="va">x</span> <span class="op">%[+]%</span> <span class="va">j</span></span></code></pre></div>
    </div>

    <div class="section level2">
    <h2 id="arguments">Arguments<a class="anchor" aria-label="anchor" href="#arguments"></a></h2>
    <dl><dt>x</dt>
<dd><p>A vector</p></dd>


<dt>j</dt>
<dd><p>A one, or two element vector. One element: Pad <code>front</code> or <code>rear</code> by <code>j</code> <code>0</code>s, or, <code>front</code> by <code>floor(j/2)</code> and rear by <code>ceiling(j/2)</code>. Two elements: Pad <code>j[1]</code> times the value passed in <code>j[2]</code>.</p></dd>

</dl></div>
    <div class="section level2">
    <h2 id="value">Value<a class="anchor" aria-label="anchor" href="#value"></a></h2>
    

<p>A padded version of <code>x</code></p>


    </div>

    <div class="section level2">
    <h2 id="ref-examples">Examples<a class="anchor" aria-label="anchor" href="#ref-examples"></a></h2>
    <div class="sourceCode"><pre class="sourceCode r"><code><span class="r-in"><span></span></span>
<span class="r-in"><span><span class="va">x</span> <span class="op">&lt;-</span> <span class="fu"><a href="https://rdrr.io/r/stats/Normal.html" class="external-link">rnorm</a></span><span class="op">(</span><span class="fl">100</span><span class="op">)</span></span></span>
<span class="r-in"><span></span></span>
<span class="r-in"><span><span class="co"># Pad front with 10 zeros</span></span></span>
<span class="r-in"><span><span class="va">x</span><span class="op">%[+%</span><span class="fl">10</span></span></span>
<span class="r-out co"><span class="r-pr">#&gt;</span>   [1]  0.000000000  0.000000000  0.000000000  0.000000000  0.000000000</span>
<span class="r-out co"><span class="r-pr">#&gt;</span>   [6]  0.000000000  0.000000000  0.000000000  0.000000000  0.000000000</span>
<span class="r-out co"><span class="r-pr">#&gt;</span>  [11] -0.429380087  1.360461327 -0.070857431 -0.272153684 -2.446680029</span>
<span class="r-out co"><span class="r-pr">#&gt;</span>  [16]  0.065486641 -1.098508902 -0.633178176 -2.063654451  2.648932029</span>
<span class="r-out co"><span class="r-pr">#&gt;</span>  [21] -1.153398386 -0.340637876  0.786362576 -1.270513110  0.542141549</span>
<span class="r-out co"><span class="r-pr">#&gt;</span>  [26]  0.075105900  0.558514422  0.415406399 -1.452299769  0.941206122</span>
<span class="r-out co"><span class="r-pr">#&gt;</span>  [31] -0.338935872 -0.075574247  0.040204392  0.124301066 -0.998432551</span>
<span class="r-out co"><span class="r-pr">#&gt;</span>  [36]  1.233390065  0.340424488 -0.472702482  0.708753061 -1.528958715</span>
<span class="r-out co"><span class="r-pr">#&gt;</span>  [41]  0.237425345 -1.312814246  0.747028587 -1.562518435  0.071053360</span>
<span class="r-out co"><span class="r-pr">#&gt;</span>  [46] -0.639534770 -0.845195739  0.675244698  1.153375794 -1.686504742</span>
<span class="r-out co"><span class="r-pr">#&gt;</span>  [51] -0.902814949  1.317633698  1.100189745  1.203767839 -1.431270777</span>
<span class="r-out co"><span class="r-pr">#&gt;</span>  [56]  1.382910861  0.003125940 -0.077886824  0.441428226  0.128922896</span>
<span class="r-out co"><span class="r-pr">#&gt;</span>  [61] -0.830214260 -0.503592910 -1.193641182 -0.751723323  1.455841403</span>
<span class="r-out co"><span class="r-pr">#&gt;</span>  [66] -0.828603533  0.289774460 -0.480053484 -0.604829354  1.460110180</span>
<span class="r-out co"><span class="r-pr">#&gt;</span>  [71]  0.149679354 -1.433321100 -0.010303319 -0.212236035 -0.906340179</span>
<span class="r-out co"><span class="r-pr">#&gt;</span>  [76] -2.102152479  1.893360464 -0.968125837 -0.102603036  0.239959572</span>
<span class="r-out co"><span class="r-pr">#&gt;</span>  [81]  0.060898893 -2.177576028 -0.117860143  0.112294787  0.007886198</span>
<span class="r-out co"><span class="r-pr">#&gt;</span>  [86]  1.877743872  2.158756554  0.709714522  0.766983379 -0.308211421</span>
<span class="r-out co"><span class="r-pr">#&gt;</span>  [91]  1.012001849 -0.919051597  0.563380077  0.322482749  0.366674363</span>
<span class="r-out co"><span class="r-pr">#&gt;</span>  [96]  1.129835153 -0.941498076  0.217837643  1.415412293 -0.383733048</span>
<span class="r-out co"><span class="r-pr">#&gt;</span> [101] -0.174086374 -0.221744517 -1.009528722  0.480725266  1.604407328</span>
<span class="r-out co"><span class="r-pr">#&gt;</span> [106] -1.515024529 -1.416023914  0.876777327  0.624132413  2.112277288</span>
<span class="r-in"><span><span class="co"># Same as</span></span></span>
<span class="r-in"><span><span class="va">x</span><span class="op">%[+%</span><span class="fu"><a href="https://rdrr.io/r/base/c.html" class="external-link">c</a></span><span class="op">(</span><span class="fl">10</span>,<span class="fl">0</span><span class="op">)</span></span></span>
<span class="r-out co"><span class="r-pr">#&gt;</span>   [1]  0.000000000  0.000000000  0.000000000  0.000000000  0.000000000</span>
<span class="r-out co"><span class="r-pr">#&gt;</span>   [6]  0.000000000  0.000000000  0.000000000  0.000000000  0.000000000</span>
<span class="r-out co"><span class="r-pr">#&gt;</span>  [11] -0.429380087  1.360461327 -0.070857431 -0.272153684 -2.446680029</span>
<span class="r-out co"><span class="r-pr">#&gt;</span>  [16]  0.065486641 -1.098508902 -0.633178176 -2.063654451  2.648932029</span>
<span class="r-out co"><span class="r-pr">#&gt;</span>  [21] -1.153398386 -0.340637876  0.786362576 -1.270513110  0.542141549</span>
<span class="r-out co"><span class="r-pr">#&gt;</span>  [26]  0.075105900  0.558514422  0.415406399 -1.452299769  0.941206122</span>
<span class="r-out co"><span class="r-pr">#&gt;</span>  [31] -0.338935872 -0.075574247  0.040204392  0.124301066 -0.998432551</span>
<span class="r-out co"><span class="r-pr">#&gt;</span>  [36]  1.233390065  0.340424488 -0.472702482  0.708753061 -1.528958715</span>
<span class="r-out co"><span class="r-pr">#&gt;</span>  [41]  0.237425345 -1.312814246  0.747028587 -1.562518435  0.071053360</span>
<span class="r-out co"><span class="r-pr">#&gt;</span>  [46] -0.639534770 -0.845195739  0.675244698  1.153375794 -1.686504742</span>
<span class="r-out co"><span class="r-pr">#&gt;</span>  [51] -0.902814949  1.317633698  1.100189745  1.203767839 -1.431270777</span>
<span class="r-out co"><span class="r-pr">#&gt;</span>  [56]  1.382910861  0.003125940 -0.077886824  0.441428226  0.128922896</span>
<span class="r-out co"><span class="r-pr">#&gt;</span>  [61] -0.830214260 -0.503592910 -1.193641182 -0.751723323  1.455841403</span>
<span class="r-out co"><span class="r-pr">#&gt;</span>  [66] -0.828603533  0.289774460 -0.480053484 -0.604829354  1.460110180</span>
<span class="r-out co"><span class="r-pr">#&gt;</span>  [71]  0.149679354 -1.433321100 -0.010303319 -0.212236035 -0.906340179</span>
<span class="r-out co"><span class="r-pr">#&gt;</span>  [76] -2.102152479  1.893360464 -0.968125837 -0.102603036  0.239959572</span>
<span class="r-out co"><span class="r-pr">#&gt;</span>  [81]  0.060898893 -2.177576028 -0.117860143  0.112294787  0.007886198</span>
<span class="r-out co"><span class="r-pr">#&gt;</span>  [86]  1.877743872  2.158756554  0.709714522  0.766983379 -0.308211421</span>
<span class="r-out co"><span class="r-pr">#&gt;</span>  [91]  1.012001849 -0.919051597  0.563380077  0.322482749  0.366674363</span>
<span class="r-out co"><span class="r-pr">#&gt;</span>  [96]  1.129835153 -0.941498076  0.217837643  1.415412293 -0.383733048</span>
<span class="r-out co"><span class="r-pr">#&gt;</span> [101] -0.174086374 -0.221744517 -1.009528722  0.480725266  1.604407328</span>
<span class="r-out co"><span class="r-pr">#&gt;</span> [106] -1.515024529 -1.416023914  0.876777327  0.624132413  2.112277288</span>
<span class="r-in"><span></span></span>
<span class="r-in"><span><span class="co"># Pad rear with zeros</span></span></span>
<span class="r-in"><span><span class="va">x</span><span class="op">%+]%</span><span class="fl">10</span></span></span>
<span class="r-out co"><span class="r-pr">#&gt;</span>   [1] -0.429380087  1.360461327 -0.070857431 -0.272153684 -2.446680029</span>
<span class="r-out co"><span class="r-pr">#&gt;</span>   [6]  0.065486641 -1.098508902 -0.633178176 -2.063654451  2.648932029</span>
<span class="r-out co"><span class="r-pr">#&gt;</span>  [11] -1.153398386 -0.340637876  0.786362576 -1.270513110  0.542141549</span>
<span class="r-out co"><span class="r-pr">#&gt;</span>  [16]  0.075105900  0.558514422  0.415406399 -1.452299769  0.941206122</span>
<span class="r-out co"><span class="r-pr">#&gt;</span>  [21] -0.338935872 -0.075574247  0.040204392  0.124301066 -0.998432551</span>
<span class="r-out co"><span class="r-pr">#&gt;</span>  [26]  1.233390065  0.340424488 -0.472702482  0.708753061 -1.528958715</span>
<span class="r-out co"><span class="r-pr">#&gt;</span>  [31]  0.237425345 -1.312814246  0.747028587 -1.562518435  0.071053360</span>
<span class="r-out co"><span class="r-pr">#&gt;</span>  [36] -0.639534770 -0.845195739  0.675244698  1.153375794 -1.686504742</span>
<span class="r-out co"><span class="r-pr">#&gt;</span>  [41] -0.902814949  1.317633698  1.100189745  1.203767839 -1.431270777</span>
<span class="r-out co"><span class="r-pr">#&gt;</span>  [46]  1.382910861  0.003125940 -0.077886824  0.441428226  0.128922896</span>
<span class="r-out co"><span class="r-pr">#&gt;</span>  [51] -0.830214260 -0.503592910 -1.193641182 -0.751723323  1.455841403</span>
<span class="r-out co"><span class="r-pr">#&gt;</span>  [56] -0.828603533  0.289774460 -0.480053484 -0.604829354  1.460110180</span>
<span class="r-out co"><span class="r-pr">#&gt;</span>  [61]  0.149679354 -1.433321100 -0.010303319 -0.212236035 -0.906340179</span>
<span class="r-out co"><span class="r-pr">#&gt;</span>  [66] -2.102152479  1.893360464 -0.968125837 -0.102603036  0.239959572</span>
<span class="r-out co"><span class="r-pr">#&gt;</span>  [71]  0.060898893 -2.177576028 -0.117860143  0.112294787  0.007886198</span>
<span class="r-out co"><span class="r-pr">#&gt;</span>  [76]  1.877743872  2.158756554  0.709714522  0.766983379 -0.308211421</span>
<span class="r-out co"><span class="r-pr">#&gt;</span>  [81]  1.012001849 -0.919051597  0.563380077  0.322482749  0.366674363</span>
<span class="r-out co"><span class="r-pr">#&gt;</span>  [86]  1.129835153 -0.941498076  0.217837643  1.415412293 -0.383733048</span>
<span class="r-out co"><span class="r-pr">#&gt;</span>  [91] -0.174086374 -0.221744517 -1.009528722  0.480725266  1.604407328</span>
<span class="r-out co"><span class="r-pr">#&gt;</span>  [96] -1.515024529 -1.416023914  0.876777327  0.624132413  2.112277288</span>
<span class="r-out co"><span class="r-pr">#&gt;</span> [101]  0.000000000  0.000000000  0.000000000  0.000000000  0.000000000</span>
<span class="r-out co"><span class="r-pr">#&gt;</span> [106]  0.000000000  0.000000000  0.000000000  0.000000000  0.000000000</span>
<span class="r-in"><span><span class="co"># Same as</span></span></span>
<span class="r-in"><span><span class="va">x</span><span class="op">%+]%</span><span class="fu"><a href="https://rdrr.io/r/base/c.html" class="external-link">c</a></span><span class="op">(</span><span class="fl">10</span>,<span class="fl">0</span><span class="op">)</span></span></span>
<span class="r-out co"><span class="r-pr">#&gt;</span>   [1] -0.429380087  1.360461327 -0.070857431 -0.272153684 -2.446680029</span>
<span class="r-out co"><span class="r-pr">#&gt;</span>   [6]  0.065486641 -1.098508902 -0.633178176 -2.063654451  2.648932029</span>
<span class="r-out co"><span class="r-pr">#&gt;</span>  [11] -1.153398386 -0.340637876  0.786362576 -1.270513110  0.542141549</span>
<span class="r-out co"><span class="r-pr">#&gt;</span>  [16]  0.075105900  0.558514422  0.415406399 -1.452299769  0.941206122</span>
<span class="r-out co"><span class="r-pr">#&gt;</span>  [21] -0.338935872 -0.075574247  0.040204392  0.124301066 -0.998432551</span>
<span class="r-out co"><span class="r-pr">#&gt;</span>  [26]  1.233390065  0.340424488 -0.472702482  0.708753061 -1.528958715</span>
<span class="r-out co"><span class="r-pr">#&gt;</span>  [31]  0.237425345 -1.312814246  0.747028587 -1.562518435  0.071053360</span>
<span class="r-out co"><span class="r-pr">#&gt;</span>  [36] -0.639534770 -0.845195739  0.675244698  1.153375794 -1.686504742</span>
<span class="r-out co"><span class="r-pr">#&gt;</span>  [41] -0.902814949  1.317633698  1.100189745  1.203767839 -1.431270777</span>
<span class="r-out co"><span class="r-pr">#&gt;</span>  [46]  1.382910861  0.003125940 -0.077886824  0.441428226  0.128922896</span>
<span class="r-out co"><span class="r-pr">#&gt;</span>  [51] -0.830214260 -0.503592910 -1.193641182 -0.751723323  1.455841403</span>
<span class="r-out co"><span class="r-pr">#&gt;</span>  [56] -0.828603533  0.289774460 -0.480053484 -0.604829354  1.460110180</span>
<span class="r-out co"><span class="r-pr">#&gt;</span>  [61]  0.149679354 -1.433321100 -0.010303319 -0.212236035 -0.906340179</span>
<span class="r-out co"><span class="r-pr">#&gt;</span>  [66] -2.102152479  1.893360464 -0.968125837 -0.102603036  0.239959572</span>
<span class="r-out co"><span class="r-pr">#&gt;</span>  [71]  0.060898893 -2.177576028 -0.117860143  0.112294787  0.007886198</span>
<span class="r-out co"><span class="r-pr">#&gt;</span>  [76]  1.877743872  2.158756554  0.709714522  0.766983379 -0.308211421</span>
<span class="r-out co"><span class="r-pr">#&gt;</span>  [81]  1.012001849 -0.919051597  0.563380077  0.322482749  0.366674363</span>
<span class="r-out co"><span class="r-pr">#&gt;</span>  [86]  1.129835153 -0.941498076  0.217837643  1.415412293 -0.383733048</span>
<span class="r-out co"><span class="r-pr">#&gt;</span>  [91] -0.174086374 -0.221744517 -1.009528722  0.480725266  1.604407328</span>
<span class="r-out co"><span class="r-pr">#&gt;</span>  [96] -1.515024529 -1.416023914  0.876777327  0.624132413  2.112277288</span>
<span class="r-out co"><span class="r-pr">#&gt;</span> [101]  0.000000000  0.000000000  0.000000000  0.000000000  0.000000000</span>
<span class="r-out co"><span class="r-pr">#&gt;</span> [106]  0.000000000  0.000000000  0.000000000  0.000000000  0.000000000</span>
<span class="r-in"><span></span></span>
<span class="r-in"><span><span class="co"># Pad front + rear with NA</span></span></span>
<span class="r-in"><span><span class="va">x</span><span class="op">%[+]%</span><span class="fu"><a href="https://rdrr.io/r/base/c.html" class="external-link">c</a></span><span class="op">(</span><span class="cn">NA</span>,<span class="fl">10</span><span class="op">)</span></span></span>
<span class="r-in"><span></span></span>
<span class="r-in"><span><span class="co"># Pad front + rear of a character vector</span></span></span>
<span class="r-in"><span><span class="st">"yes"</span><span class="op">%[+]%</span><span class="fu"><a href="https://rdrr.io/r/base/c.html" class="external-link">c</a></span><span class="op">(</span><span class="fl">2</span>,<span class="st">"no"</span><span class="op">)</span></span></span>
<span class="r-out co"><span class="r-pr">#&gt;</span> [1] "no"  "yes" "no" </span>
<span class="r-in"><span><span class="st">"yes"</span><span class="op">%[+]%</span><span class="fu"><a href="https://rdrr.io/r/base/c.html" class="external-link">c</a></span><span class="op">(</span><span class="fl">1</span>,<span class="st">"no"</span><span class="op">)</span></span></span>
<span class="r-out co"><span class="r-pr">#&gt;</span> [1] "yes" "no" </span>
<span class="r-in"><span><span class="st">"yes"</span><span class="op">%[+]%</span><span class="fu"><a href="https://rdrr.io/r/base/c.html" class="external-link">c</a></span><span class="op">(</span><span class="fl">0</span>,<span class="st">"no"</span><span class="op">)</span></span></span>
<span class="r-out co"><span class="r-pr">#&gt;</span> [1] "yes"</span>
<span class="r-in"><span></span></span>
</code></pre></div>
    </div>
  </main><aside class="col-md-3"><nav id="toc"><h2>On this page</h2>
    </nav></aside></div>


    <footer><div class="pkgdown-footer-left">
  <p></p><p>Developed by Fred Hasselman.</p>
</div>

<div class="pkgdown-footer-right">
  <p></p><p>Site built with <a href="https://pkgdown.r-lib.org/" class="external-link">pkgdown</a> 2.0.7.</p>
</div>

    </footer></div>

  

  

  </body></html>

